Step 1
1 1 1 -1.45603e-005 -2.02355e-005
2 1 1 -1.88636e-005 -2.02355e-005
3 1 1 -2.39672e-005 -2.02355e-005
4 1 1 -2.67763e-005 -2.02355e-005
5 1 1 -2.37031e-005 -2.02355e-005
6 1 1 -2.41132e-005 -2.02355e-005
7 1 1 -3.95217e-005 -2.02355e-005
8 1 1 -1.51714e-005 -2.02355e-005
9 1 1 -2.47651e-005 -2.02355e-005
10 1 1 -2.13825e-005 -2.02355e-005
Step 2
1 1 1 -4.17027e-005 -2.02355e-005
2 1 1 -3.70636e-005 -2.02355e-005
3 1 1 -3.37717e-005 -2.02355e-005
4 1 1 -3.50035e-005 -2.02355e-005
5 1 1 -4.17124e-005 -2.02355e-005
6 1 1 -3.03387e-005 -2.02355e-005
7 1 1 -4.17069e-005 -2.02355e-005
8 1 1 -4.17065e-005 -2.02355e-005
9 1 1 -3.44333e-005 -2.02355e-005
10 1 1 -3.18848e-005 -2.02355e-005
