	 150

         1  2         2         4        17        13
         2  1         4         3        21        17
         3  1         3         1         6        21
         4  1        13        17        18        14
         5  1        17        21        22        18
         6  1        21         6         7        22
         7  1        14        18        19        15
         8  1        18        22        23        19
         9  1        22         7         8        23
        10  1        15        19        20        16
        11  1        19        23        24        20
        12  1        23         8         9        24
        13  1        16        20        12        10
        14  1        20        24        11        12
        15  1        24         9         5        11
        16  1        26        28        41        37
        17  1        28        27        45        41
        18  1        27        25        33        45
        19  1        37        41        42        38
        20  1        41        45        46        42
        21  1        45        33        32        46
        22  1        38        42        43        39
        23  1        42        46        47        43
        24  1        46        32        31        47
        25  1        39        43        44        40
        26  1        43        47        48        44
        27  1        47        31        30        48
        28  1        40        44        35        34
        29  1        44        48        36        35
        30  1        48        30        29        36
        31  1        34        50        61        40
        32  1        50        51        65        61
        33  1        51        52        69        65
        34  1        52        49        57        69
        35  1        40        61        62        39
        36  1        61        65        66        62
        37  1        65        69        70        66
        38  1        69        57        56        70
        39  1        39        62        63        38
        40  1        62        66        67        63
        41  1        66        70        71        67
        42  1        70        56        55        71
        43  1        38        63        64        37
        44  1        63        67        68        64
        45  1        67        71        72        68
        46  1        71        55        54        72
        47  1        37        64        58        26
        48  1        64        68        59        58
        49  1        68        72        60        59
        50  1        72        54        53        60
        51  1        73        75        91        87
        52  1        75        76        95        91
        53  1        76        77        99        95
        54  1        77        74        79        99
        55  1        87        91        92        88
        56  1        91        95        96        92
        57  1        95        99       100        96
        58  1        99        79        80       100
        59  1        88        92        93        89
        60  1        92        96        97        93
        61  1        96       100       101        97
        62  1       100        80        81       101
        63  1        89        93        94        90
        64  1        93        97        98        94
        65  1        97       101       102        98
        66  1       101        81        82       102
        67  1        90        94        84        83
        68  1        94        98        85        84
        69  1        98       102        86        85
        70  1       102        82        78        86
        71  1       103       105       113       112
        72  1       105       104       117       113
        73  1       104        73        87       117
        74  1       112       113       114       111
        75  1       113       117       118       114
        76  1       117        87        88       118
        77  1       111       114       115       110
        78  1       114       118       119       115
        79  1       118        88        89       119
        80  1       110       115       116       109
        81  1       115       119       120       116
        82  1       119        89        90       120
        83  1       109       116       108       106
        84  1       116       120       107       108
        85  1       120        90        83       107
        86  1         1       121       127         6
        87  1       121       122       131       127
        88  1       122       123       135       131
        89  1       123        53        54       135
        90  1         6       127       128         7
        91  1       127       131       132       128
        92  1       131       135       136       132
        93  1       135        54        55       136
        94  1         7       128       129         8
        95  1       128       132       133       129
        96  1       132       136       137       133
        97  1       136        55        56       137
        98  1         8       129       130         9
        99  1       129       133       134       130
       100  1       133       137       138       134
       101  1       137        56        57       138
       102  1         9       130       124         5
       103  1       130       134       125       124
       104  1       134       138       126       125
       105  1       138        57        49       126
       106  1        74       142       151        79
       107  1       142       141       155       151
       108  1       141       140       159       155
       109  1       140       139       144       159
       110  1        79       151       152        80
       111  1       151       155       156       152
       112  1       155       159       160       156
       113  1       159       144       145       160
       114  1        80       152       153        81
       115  1       152       156       157       153
       116  1       156       160       161       157
       117  1       160       145       146       161
       118  1        81       153       154        82
       119  1       153       157       158       154
       120  1       157       161       162       158
       121  1       161       146       147       162
       122  1        82       154       150        78
       123  1       154       158       149       150
       124  1       158       162       148       149
       125  1       162       147       143       148
       126  1       139       164       173       144
       127  1       164       165       177       173
       128  1       165       163       167       177
       129  1       144       173       174       145
       130  1       173       177       178       174
       131  1       177       167       168       178
       132  1       145       174       175       146
       133  1       174       178       179       175
       134  1       178       168       169       179
       135  1       146       175       176       147
       136  1       175       179       180       176
       137  1       179       169       170       180
       138  1       147       176       171       143
       139  1       176       180       172       171
       140  1       180       170       166       172
       141  1        25       103       112        33
       142  1        33       112       111        32
       143  1        32       111       110        31
       144  1        31       110       109        30
       145  1        30       109       106        29
       146  1       163         2        13       167
       147  1       167        13        14       168
       148  1       168        14        15       169
       149  1       169        15        16       170
       150  1       170        16        10       166
