	180

      1      2.00000000e-02      3.00000000e-02      0.00000000e+00
      2      2.00000000e-02      3.80000000e-02      0.00000000e+00
      3      2.00000000e-02      3.26666667e-02      0.00000000e+00
      4      2.00000000e-02      3.53333333e-02      0.00000000e+00
      5      5.00000000e-02      0.00000000e+00      0.00000000e+00
      6      2.41179301e-02      2.58820699e-02      0.00000000e+00
      7      2.90150019e-02      2.09849981e-02      0.00000000e+00
      8      3.48386345e-02      1.51613655e-02      0.00000000e+00
      9      4.17641398e-02      8.23586020e-03      0.00000000e+00
     10      5.00000000e-02      3.80000000e-02      0.00000000e+00
     11      5.00000000e-02      1.26666667e-02      0.00000000e+00
     12      5.00000000e-02      2.53333333e-02      0.00000000e+00
     13      2.41179301e-02      3.80000000e-02      0.00000000e+00
     14      2.90150019e-02      3.80000000e-02      0.00000000e+00
     15      3.48386345e-02      3.80000000e-02      0.00000000e+00
     16      4.17641398e-02      3.80000000e-02      0.00000000e+00
     17      2.41179301e-02      3.39606900e-02      0.00000000e+00
     18      2.90150019e-02      3.23283327e-02      0.00000000e+00
     19      3.48386345e-02      3.03871218e-02      0.00000000e+00
     20      4.17641398e-02      2.80786201e-02      0.00000000e+00
     21      2.41179301e-02      2.99213799e-02      0.00000000e+00
     22      2.90150019e-02      2.66566654e-02      0.00000000e+00
     23      3.48386345e-02      2.27742437e-02      0.00000000e+00
     24      4.17641398e-02      1.81572401e-02      0.00000000e+00
     25     -2.00000000e-02      3.80000000e-02      0.00000000e+00
     26     -2.00000000e-02      3.00000000e-02      0.00000000e+00
     27     -2.00000000e-02      3.53333333e-02      0.00000000e+00
     28     -2.00000000e-02      3.26666667e-02      0.00000000e+00
     29     -5.00000000e-02      3.80000000e-02      0.00000000e+00
     30     -4.17641398e-02      3.80000000e-02      0.00000000e+00
     31     -3.48386345e-02      3.80000000e-02      0.00000000e+00
     32     -2.90150019e-02      3.80000000e-02      0.00000000e+00
     33     -2.41179301e-02      3.80000000e-02      0.00000000e+00
     34     -5.00000000e-02      0.00000000e+00      0.00000000e+00
     35     -5.00000000e-02      1.26666667e-02      0.00000000e+00
     36     -5.00000000e-02      2.53333333e-02      0.00000000e+00
     37     -2.41179301e-02      2.58820699e-02      0.00000000e+00
     38     -2.90150019e-02      2.09849981e-02      0.00000000e+00
     39     -3.48386345e-02      1.51613655e-02      0.00000000e+00
     40     -4.17641398e-02      8.23586020e-03      0.00000000e+00
     41     -2.41179301e-02      2.99213799e-02      0.00000000e+00
     42     -2.90150019e-02      2.66566654e-02      0.00000000e+00
     43     -3.48386345e-02      2.27742437e-02      0.00000000e+00
     44     -4.17641398e-02      1.81572401e-02      0.00000000e+00
     45     -2.41179301e-02      3.39606900e-02      0.00000000e+00
     46     -2.90150019e-02      3.23283327e-02      0.00000000e+00
     47     -3.48386345e-02      3.03871218e-02      0.00000000e+00
     48     -4.17641398e-02      2.80786201e-02      0.00000000e+00
     49      0.00000000e+00      0.00000000e+00      0.00000000e+00
     50     -3.75000000e-02      0.00000000e+00      0.00000000e+00
     51     -2.50000000e-02      0.00000000e+00      0.00000000e+00
     52     -1.25000000e-02      0.00000000e+00      0.00000000e+00
     53      0.00000000e+00      3.00000000e-02      0.00000000e+00
     54      0.00000000e+00      2.58820699e-02      0.00000000e+00
     55      0.00000000e+00      2.09849981e-02      0.00000000e+00
     56      0.00000000e+00      1.51613655e-02      0.00000000e+00
     57      0.00000000e+00      8.23586020e-03      0.00000000e+00
     58     -1.50000000e-02      3.00000000e-02      0.00000000e+00
     59     -1.00000000e-02      3.00000000e-02      0.00000000e+00
     60     -5.00000000e-03      3.00000000e-02      0.00000000e+00
     61     -3.13231048e-02      8.23586020e-03      0.00000000e+00
     62     -2.61289759e-02      1.51613655e-02      0.00000000e+00
     63     -2.17612514e-02      2.09849981e-02      0.00000000e+00
     64     -1.80884476e-02      2.58820699e-02      0.00000000e+00
     65     -2.08820699e-02      8.23586020e-03      0.00000000e+00
     66     -1.74193172e-02      1.51613655e-02      0.00000000e+00
     67     -1.45075009e-02      2.09849981e-02      0.00000000e+00
     68     -1.20589651e-02      2.58820699e-02      0.00000000e+00
     69     -1.04410349e-02      8.23586020e-03      0.00000000e+00
     70     -8.70965862e-03      1.51613655e-02      0.00000000e+00
     71     -7.25375047e-03      2.09849981e-02      0.00000000e+00
     72     -6.02948253e-03      2.58820699e-02      0.00000000e+00
     73     -2.00000000e-02      5.50000000e-02      0.00000000e+00
     74      0.00000000e+00      7.50000000e-02      0.00000000e+00
     75     -1.84775906e-02      6.26536686e-02      0.00000000e+00
     76     -1.41421356e-02      6.91421356e-02      0.00000000e+00
     77     -7.65366864e-03      7.34775907e-02      0.00000000e+00
     78      0.00000000e+00      1.00000000e-01      0.00000000e+00
     79      0.00000000e+00      7.84316084e-02      0.00000000e+00
     80      0.00000000e+00      8.25125016e-02      0.00000000e+00
     81      0.00000000e+00      8.73655287e-02      0.00000000e+00
     82      0.00000000e+00      9.31367832e-02      0.00000000e+00
     83     -5.00000000e-02      1.00000000e-01      0.00000000e+00
     84     -3.75000000e-02      1.00000000e-01      0.00000000e+00
     85     -2.50000000e-02      1.00000000e-01      0.00000000e+00
     86     -1.25000000e-02      1.00000000e-01      0.00000000e+00
     87     -2.41179301e-02      6.11768952e-02      0.00000000e+00
     88     -2.90150019e-02      6.85225028e-02      0.00000000e+00
     89     -3.48386345e-02      7.72579517e-02      0.00000000e+00
     90     -4.17641398e-02      8.76462097e-02      0.00000000e+00
     91     -2.10886891e-02      6.77799881e-02      0.00000000e+00
     92     -2.41938258e-02      7.38762436e-02      0.00000000e+00
     93     -2.78864766e-02      8.11259540e-02      0.00000000e+00
     94     -3.22778032e-02      8.97473612e-02      0.00000000e+00
     95     -1.56325332e-02      7.33778199e-02      0.00000000e+00
     96     -1.74049245e-02      7.84149258e-02      0.00000000e+00
     97     -1.95126650e-02      8.44050880e-02      0.00000000e+00
     98     -2.20192049e-02      9.15286314e-02      0.00000000e+00
     99     -8.31889710e-03      7.71181716e-02      0.00000000e+00
    100     -9.10999151e-03      8.14475763e-02      0.00000000e+00
    101     -1.00507666e-02      8.65961352e-02      0.00000000e+00
    102     -1.11695431e-02      9.27188381e-02      0.00000000e+00
    103     -2.00000000e-02      4.60000000e-02      0.00000000e+00
    104     -2.00000000e-02      5.20000000e-02      0.00000000e+00
    105     -2.00000000e-02      4.90000000e-02      0.00000000e+00
    106     -5.00000000e-02      4.60000000e-02      0.00000000e+00
    107     -5.00000000e-02      8.20000000e-02      0.00000000e+00
    108     -5.00000000e-02      6.40000000e-02      0.00000000e+00
    109     -4.17641398e-02      4.60000000e-02      0.00000000e+00
    110     -3.48386345e-02      4.60000000e-02      0.00000000e+00
    111     -2.90150019e-02      4.60000000e-02      0.00000000e+00
    112     -2.41179301e-02      4.60000000e-02      0.00000000e+00
    113     -2.41179301e-02      5.10589651e-02      0.00000000e+00
    114     -2.90150019e-02      5.35075009e-02      0.00000000e+00
    115     -3.48386345e-02      5.64193172e-02      0.00000000e+00
    116     -4.17641398e-02      5.98820699e-02      0.00000000e+00
    117     -2.41179301e-02      5.61179301e-02      0.00000000e+00
    118     -2.90150019e-02      6.10150019e-02      0.00000000e+00
    119     -3.48386345e-02      6.68386345e-02      0.00000000e+00
    120     -4.17641398e-02      7.37641398e-02      0.00000000e+00
    121      1.50000000e-02      3.00000000e-02      0.00000000e+00
    122      1.00000000e-02      3.00000000e-02      0.00000000e+00
    123      5.00000000e-03      3.00000000e-02      0.00000000e+00
    124      3.75000000e-02      0.00000000e+00      0.00000000e+00
    125      2.50000000e-02      0.00000000e+00      0.00000000e+00
    126      1.25000000e-02      0.00000000e+00      0.00000000e+00
    127      1.80884476e-02      2.58820699e-02      0.00000000e+00
    128      2.17612514e-02      2.09849981e-02      0.00000000e+00
    129      2.61289759e-02      1.51613655e-02      0.00000000e+00
    130      3.13231048e-02      8.23586020e-03      0.00000000e+00
    131      1.20589651e-02      2.58820699e-02      0.00000000e+00
    132      1.45075009e-02      2.09849981e-02      0.00000000e+00
    133      1.74193172e-02      1.51613655e-02      0.00000000e+00
    134      2.08820699e-02      8.23586020e-03      0.00000000e+00
    135      6.02948253e-03      2.58820699e-02      0.00000000e+00
    136      7.25375047e-03      2.09849981e-02      0.00000000e+00
    137      8.70965862e-03      1.51613655e-02      0.00000000e+00
    138      1.04410349e-02      8.23586020e-03      0.00000000e+00
    139      2.00000000e-02      5.50000000e-02      0.00000000e+00
    140      1.84775906e-02      6.26536686e-02      0.00000000e+00
    141      1.41421356e-02      6.91421356e-02      0.00000000e+00
    142      7.65366864e-03      7.34775907e-02      0.00000000e+00
    143      5.00000000e-02      1.00000000e-01      0.00000000e+00
    144      2.41179301e-02      6.11768952e-02      0.00000000e+00
    145      2.90150019e-02      6.85225028e-02      0.00000000e+00
    146      3.48386345e-02      7.72579517e-02      0.00000000e+00
    147      4.17641398e-02      8.76462097e-02      0.00000000e+00
    148      3.75000000e-02      1.00000000e-01      0.00000000e+00
    149      2.50000000e-02      1.00000000e-01      0.00000000e+00
    150      1.25000000e-02      1.00000000e-01      0.00000000e+00
    151      8.31889710e-03      7.71181716e-02      0.00000000e+00
    152      9.10999151e-03      8.14475763e-02      0.00000000e+00
    153      1.00507666e-02      8.65961352e-02      0.00000000e+00
    154      1.11695431e-02      9.27188381e-02      0.00000000e+00
    155      1.56325332e-02      7.33778199e-02      0.00000000e+00
    156      1.74049245e-02      7.84149258e-02      0.00000000e+00
    157      1.95126650e-02      8.44050880e-02      0.00000000e+00
    158      2.20192049e-02      9.15286314e-02      0.00000000e+00
    159      2.10886891e-02      6.77799881e-02      0.00000000e+00
    160      2.41938258e-02      7.38762436e-02      0.00000000e+00
    161      2.78864766e-02      8.11259540e-02      0.00000000e+00
    162      3.22778032e-02      8.97473612e-02      0.00000000e+00
    163      2.00000000e-02      4.60000000e-02      0.00000000e+00
    164      2.00000000e-02      5.20000000e-02      0.00000000e+00
    165      2.00000000e-02      4.90000000e-02      0.00000000e+00
    166      5.00000000e-02      4.60000000e-02      0.00000000e+00
    167      2.41179301e-02      4.60000000e-02      0.00000000e+00
    168      2.90150019e-02      4.60000000e-02      0.00000000e+00
    169      3.48386345e-02      4.60000000e-02      0.00000000e+00
    170      4.17641398e-02      4.60000000e-02      0.00000000e+00
    171      5.00000000e-02      8.20000000e-02      0.00000000e+00
    172      5.00000000e-02      6.40000000e-02      0.00000000e+00
    173      2.41179301e-02      5.61179301e-02      0.00000000e+00
    174      2.90150019e-02      6.10150019e-02      0.00000000e+00
    175      3.48386345e-02      6.68386345e-02      0.00000000e+00
    176      4.17641398e-02      7.37641398e-02      0.00000000e+00
    177      2.41179301e-02      5.10589651e-02      0.00000000e+00
    178      2.90150019e-02      5.35075009e-02      0.00000000e+00
    179      3.48386345e-02      5.64193172e-02      0.00000000e+00
    180      4.17641398e-02      5.98820699e-02      0.00000000e+00
